4.146438732277601957e-04
4.171339387539774179e-04
4.197238886263221502e-04
4.226590681355446577e-04
4.253838269505649805e-04
4.281623987480998039e-04
4.313196695875376463e-04
4.347911162767559290e-04
4.380200116429477930e-04
4.415886069182306528e-04
4.451735003385692835e-04
4.490028368309140205e-04
4.528899735305458307e-04
4.567700379993766546e-04
4.606533620972186327e-04
4.646416346076875925e-04
4.684719315264374018e-04
4.724547907244414091e-04
4.766124475281685591e-04
4.808252269867807627e-04
4.853716818615794182e-04
4.902007640339434147e-04
4.947672714479267597e-04
4.996774368919432163e-04
5.046390579082071781e-04
5.100130219943821430e-04
5.151125951670110226e-04
5.203518667258322239e-04
5.261356709524989128e-04
5.316352471709251404e-04
5.375337204895913601e-04
5.432771868072450161e-04
5.493913195095956326e-04
5.554456147365272045e-04
5.620943265967071056e-04
5.685640498995780945e-04
5.756270256824791431e-04
5.826562410220503807e-04
5.894373753108084202e-04
5.964277079328894615e-04
6.038306164555251598e-04
6.112108821980655193e-04
6.188623374328017235e-04
6.268426077440381050e-04
6.355690420605242252e-04
6.440057768486440182e-04
6.523675401695072651e-04
6.611630669794976711e-04
6.697963108308613300e-04
6.786992307752370834e-04
6.882227608002722263e-04
6.974762654863297939e-04
7.072412990964949131e-04
7.170369499363005161e-04
7.276805117726325989e-04
7.378404843620955944e-04
7.479958585463464260e-04
7.590153254568576813e-04
7.698166300542652607e-04
7.810087990947067738e-04
7.924407254904508591e-04
8.034339989535510540e-04
8.150714565999805927e-04
8.268150850199162960e-04
8.389676804654300213e-04
8.505723089911043644e-04
8.625520276837050915e-04
8.742334321141242981e-04
8.866199641488492489e-04
8.987115579657256603e-04
9.111710241995751858e-04
9.228833951056003571e-04
9.351924527436494827e-04
9.475315455347299576e-04
9.596056188456714153e-04
9.714259649626910686e-04
9.837888646870851517e-04
9.963772026821970940e-04
1.008458784781396389e-03
1.020639319904148579e-03
1.032772939652204514e-03
1.045117736794054508e-03
1.057452522218227386e-03
1.069577061571180820e-03
1.081816968508064747e-03
1.093760016374289989e-03
